   1 0.14
   2 0.025
   3 0.0083
   4 0.0036
   5 0.0019
   6 0.0011
   7 0.00071
   8 0.00048
   9 0.00034
  10 0.00025
  11 0.00019
  12 0.00014
  13 0.00011
  14 9.1e-05
  15 7.4e-05
  16 6.1e-05
  17 5.1e-05
  18 4.3e-05
  19 3.6e-05
  20 3.1e-05
  21 2.7e-05
  22 2.3e-05
  23 2e-05
  24 1.8e-05
  25 1.6e-05
  26 1.4e-05
  27 1.3e-05
  28 1.1e-05
  29 1e-05
  30 9.2e-06
  31 8.4e-06
  32 7.6e-06
  33 6.9e-06
  34 6.4e-06
  35 5.8e-06
  36 5.4e-06
  37 4.9e-06
  38 4.6e-06
  39 4.2e-06
  40 3.9e-06
  41 3.6e-06
  42 3.4e-06
  43 3.1e-06
  44 2.9e-06
  45 2.7e-06
  46 2.6e-06
  47 2.4e-06
  48 2.3e-06
  49 2.1e-06
  50 2e-06
  51 1.9e-06
  52 1.8e-06
  53 1.7e-06
  54 1.6e-06
  55 1.5e-06
  56 1.4e-06
  57 1.3e-06
  58 1.3e-06
  59 1.2e-06
  60 1.2e-06
  61 1.1e-06
  62 1e-06
  63 1e-06
  64 9.5e-07
  65 9.1e-07
  66 8.7e-07
  67 8.3e-07
  68 7.9e-07
  69 7.6e-07
  70 7.3e-07
  71 7e-07
  72 6.7e-07
  73 6.4e-07
  74 6.2e-07
  75 5.9e-07
  76 5.7e-07
  77 5.5e-07
  78 5.3e-07
  79 5.1e-07
  80 4.9e-07
  81 4.7e-07
  82 4.5e-07
  83 4.4e-07
  84 4.2e-07
  85 4.1e-07
  86 3.9e-07
  87 3.8e-07
  88 3.7e-07
  89 3.5e-07
  90 3.4e-07
  91 3.3e-07
  92 3.2e-07
  93 3.1e-07
  94 3e-07
  95 2.9e-07
  96 2.8e-07
  97 2.7e-07
  98 2.7e-07
  99 2.6e-07
 100 2.5e-07
 101 2.4e-07
 102 2.4e-07
 103 2.3e-07
 104 2.2e-07
 105 2.2e-07
 106 2.1e-07
 107 2e-07
 108 2e-07
 109 1.9e-07
 110 1.9e-07
 111 1.8e-07
 112 1.8e-07
 113 1.7e-07
 114 1.7e-07
 115 1.6e-07
 116 1.6e-07
 117 1.6e-07
 118 1.5e-07
 119 1.5e-07
 120 1.4e-07
 121 1.4e-07
 122 1.4e-07
 123 1.3e-07
 124 1.3e-07
 125 1.3e-07
 126 1.2e-07
 127 1.2e-07
 128 1.2e-07
 129 1.2e-07
 130 1.1e-07
 131 1.1e-07
 132 1.1e-07
 133 1.1e-07
 134 1e-07
 135 1e-07
 136 9.9e-08
 137 9.7e-08
 138 9.5e-08
 139 9.3e-08
 140 9.1e-08
