   1 1.1
   2 0.47
   3 0.21
   4 0.094
   5 0.043
   6 0.02
   7 0.0094
   8 0.0045
   9 0.0021
  10 0.001
  11 0.00049
  12 0.00023
  13 0.00011
  14 5.5e-05
  15 2.6e-05
  16 1.3e-05
  17 6.3e-06
  18 3e-06
  19 1.5e-06
  20 7.3e-07
  21 3.5e-07
  22 1.7e-07
  23 8.5e-08
  24 4.2e-08
  25 2e-08
  26 1e-08
  27 4.9e-09
  28 2.4e-09
  29 1.2e-09
  30 5.9e-10
  31 2.9e-10
  32 1.4e-10
  33 7e-11
  34 3.5e-11
  35 1.7e-11
  36 8.4e-12
  37 4.1e-12
  38 2e-12
  39 1e-12
  40 5e-13
  41 2.5e-13
  42 1.2e-13
  43 6e-14
  44 3e-14
  45 1.5e-14
  46 7.2e-15
  47 3.5e-15
  48 1.7e-15
  49 7.6e-16
  50 3.1e-16
  51 9.3e-17
  52 1.6e-17
  53 7e-17
  54 9.7e-17
  55 1.1e-16
  56 1.2e-16
  57 1.2e-16
  58 1.2e-16
  59 1.2e-16
  60 1.2e-16
  61 1.2e-16
  62 1.2e-16
  63 1.2e-16
  64 1.2e-16
  65 1.2e-16
  66 1.2e-16
  67 1.2e-16
  68 1.2e-16
  69 1.2e-16
  70 1.2e-16
  71 1.2e-16
  72 1.2e-16
  73 1.2e-16
  74 1.2e-16
  75 1.2e-16
  76 1.2e-16
  77 1.2e-16
  78 1.2e-16
  79 1.2e-16
  80 1.2e-16
  81 1.2e-16
  82 1.2e-16
  83 1.2e-16
  84 1.2e-16
  85 1.2e-16
  86 1.2e-16
  87 1.2e-16
  88 1.2e-16
  89 1.2e-16
  90 1.2e-16
  91 1.2e-16
  92 1.2e-16
  93 1.2e-16
  94 1.2e-16
  95 1.2e-16
  96 1.2e-16
  97 1.2e-16
  98 1.2e-16
  99 1.2e-16
 100 1.2e-16
