  1 0.24
  2 0.21
  3 0.15
  4 0.14
  5 0.11
  6 0.1
  7 0.085
  8 0.08
  9 0.07
 10 0.067
 11 0.059
 12 0.057
 13 0.051
 14 0.05
 15 0.046
 16 0.044
 17 0.041
 18 0.04
 19 0.037
 20 0.036
 21 0.034
 22 0.033
 23 0.031
 24 0.03
 25 0.029
 26 0.028
 27 0.027
 28 0.026
 29 0.025
 30 0.025
 31 0.024
 32 0.023
 33 0.022
 34 0.022
 35 0.021
 36 0.021
 37 0.02
 38 0.02
 39 0.019
 40 0.019
 41 0.018
 42 0.018
 43 0.017
 44 0.017
 45 0.017
 46 0.016
 47 0.016
 48 0.016
 49 0.015
 50 0.015
 51 0.015
 52 0.015
 53 0.014
 54 0.014
 55 0.014
 56 0.014
 57 0.013
 58 0.013
 59 0.013
 60 0.013
 61 0.012
 62 0.012
 63 0.012
 64 0.012
 65 0.012
 66 0.012
 67 0.011
 68 0.011
 69 0.011
 70 0.011
 71 0.011
 72 0.011
 73 0.01
 74 0.01
 75 0.01
 76 0.01
 77 0.0099
 78 0.0098
 79 0.0097
 80 0.0096
 81 0.0094
 82 0.0094
 83 0.0092
 84 0.0092
 85 0.009
 86 0.009
 87 0.0088
 88 0.0088
 89 0.0086
 90 0.0086
 91 0.0084
 92 0.0084
 93 0.0082
 94 0.0082
 95 0.0081
 96 0.008
 97 0.0079
 98 0.0079
 99 0.0078
100 0.0077
101 0.0076
102 0.0076
103 0.0075
104 0.0074
105 0.0073
106 0.0073
107 0.0072
108 0.0072
109 0.0071
110 0.007
111 0.0069
112 0.0069
113 0.0068
114 0.0068
115 0.0067
116 0.0067
117 0.0066
118 0.0066
119 0.0065
120 0.0065
121 0.0064
122 0.0063
123 0.0063
124 0.0062
125 0.0062
126 0.0061
127 0.0061
128 0.0061
129 0.006
130 0.006
131 0.0059
132 0.0059
133 0.0058
134 0.0058
135 0.0057
136 0.0057
137 0.0056
138 0.0056
139 0.0056
140 0.0055
141 0.0055
142 0.0055
143 0.0054
144 0.0054
145 0.0053
146 0.0053
147 0.0053
148 0.0052
149 0.0052
150 0.0052
151 0.0051
152 0.0051
153 0.0051
154 0.005
155 0.005
156 0.005
157 0.0049
158 0.0049
159 0.0049
160 0.0049
161 0.0048
162 0.0048
163 0.0048
164 0.0047
165 0.0047
166 0.0047
167 0.0046
168 0.0046
169 0.0046
170 0.0046
171 0.0045
172 0.0045
173 0.0045
174 0.0045
175 0.0044
176 0.0044
177 0.0044
178 0.0044
179 0.0043
180 0.0043
181 0.0043
182 0.0043
183 0.0042
184 0.0042
185 0.0042
186 0.0042
187 0.0042
188 0.0041
189 0.0041
190 0.0041
191 0.0041
192 0.0041
193 0.004
194 0.004
195 0.004
196 0.004
197 0.0039
198 0.0039
199 0.0039
200 0.0039
201 0.0039
202 0.0039
203 0.0038
204 0.0038
205 0.0038
206 0.0038
207 0.0038
208 0.0037
209 0.0037
210 0.0037
211 0.0037
212 0.0037
213 0.0036
214 0.0036
215 0.0036
216 0.0036
217 0.0036
218 0.0036
219 0.0035
220 0.0035
221 0.0035
222 0.0035
223 0.0035
224 0.0035
225 0.0035
226 0.0034
227 0.0034
228 0.0034
229 0.0034
230 0.0034
231 0.0034
232 0.0034
233 0.0033
234 0.0033
235 0.0033
236 0.0033
237 0.0033
238 0.0033
239 0.0033
240 0.0032
241 0.0032
242 0.0032
243 0.0032
244 0.0032
245 0.0032
246 0.0032
247 0.0032
248 0.0031
249 0.0031
250 0.0031
251 0.0031
252 0.0031
253 0.0031
254 0.0031
255 0.0031
256 0.003
257 0.003
258 0.003
259 0.003
260 0.003
261 0.003
262 0.003
263 0.003
264 0.003
265 0.0029
266 0.0029
267 0.0029
268 0.0029
269 0.0029
270 0.0029
271 0.0029
272 0.0029
273 0.0029
274 0.0028
275 0.0028
276 0.0028
277 0.0028
278 0.0028
279 0.0028
280 0.0028
281 0.0028
282 0.0028
283 0.0028
284 0.0027
285 0.0027
286 0.0027
287 0.0027
288 0.0027
289 0.0027
290 0.0027
291 0.0027
292 0.0027
293 0.0027
294 0.0027
295 0.0026
296 0.0026
297 0.0026
298 0.0026
299 0.0026
300 0.0026
301 0.0026
302 0.0026
303 0.0026
304 0.0026
305 0.0026
306 0.0026
307 0.0025
308 0.0025
309 0.0025
310 0.0025
311 0.0025
312 0.0025
313 0.0025
314 0.0025
315 0.0025
316 0.0025
317 0.0025
318 0.0025
319 0.0024
320 0.0024
321 0.0024
322 0.0024
323 0.0024
324 0.0024
325 0.0024
326 0.0024
327 0.0024
328 0.0024
329 0.0024
330 0.0024
331 0.0024
332 0.0024
333 0.0023
334 0.0023
335 0.0023
336 0.0023
337 0.0023
338 0.0023
339 0.0023
340 0.0023
341 0.0023
342 0.0023
343 0.0023
344 0.0023
345 0.0023
346 0.0023
347 0.0022
348 0.0022
349 0.0022
350 0.0022
351 0.0022
352 0.0022
353 0.0022
354 0.0022
355 0.0022
356 0.0022
357 0.0022
358 0.0022
359 0.0022
360 0.0022
361 0.0022
362 0.0022
363 0.0022
364 0.0021
365 0.0021
366 0.0021
367 0.0021
368 0.0021
369 0.0021
370 0.0021
371 0.0021
372 0.0021
373 0.0021
374 0.0021
375 0.0021
376 0.0021
377 0.0021
378 0.0021
379 0.0021
380 0.0021
381 0.002
382 0.002
383 0.002
384 0.002
385 0.002
386 0.002
387 0.002
388 0.002
389 0.002
390 0.002
391 0.002
392 0.002
393 0.002
394 0.002
395 0.002
396 0.002
397 0.002
398 0.002
399 0.002
400 0.002
401 0.0019
402 0.0019
403 0.0019
404 0.0019
405 0.0019
406 0.0019
407 0.0019
408 0.0019
409 0.0019
410 0.0019
411 0.0019
412 0.0019
413 0.0019
414 0.0019
415 0.0019
416 0.0019
417 0.0019
418 0.0019
419 0.0019
420 0.0019
421 0.0019
422 0.0019
423 0.0018
424 0.0018
425 0.0018
426 0.0018
427 0.0018
428 0.0018
429 0.0018
430 0.0018
431 0.0018
432 0.0018
433 0.0018
434 0.0018
435 0.0018
436 0.0018
437 0.0018
438 0.0018
439 0.0018
440 0.0018
441 0.0018
442 0.0018
443 0.0018
444 0.0018
445 0.0018
446 0.0018
447 0.0017
448 0.0017
449 0.0017
450 0.0017
451 0.0017
452 0.0017
453 0.0017
454 0.0017
455 0.0017
456 0.0017
457 0.0017
458 0.0017
459 0.0017
460 0.0017
461 0.0017
462 0.0017
463 0.0017
464 0.0017
465 0.0017
466 0.0017
467 0.0017
468 0.0017
469 0.0017
470 0.0017
471 0.0017
472 0.0017
473 0.0017
474 0.0017
475 0.0016
476 0.0016
477 0.0016
478 0.0016
479 0.0016
480 0.0016
481 0.0016
482 0.0016
483 0.0016
484 0.0016
485 0.0016
486 0.0016
487 0.0016
488 0.0016
489 0.0016
490 0.0016
491 0.0016
492 0.0016
493 0.0016
494 0.0016
495 0.0016
496 0.0016
497 0.0016
498 0.0016
499 0.0016
500 0.0016
501 0.0016
502 0.0016
503 0.0016
504 0.0016
505 0.0015
506 0.0015
507 0.0015
508 0.0015
509 0.0015
510 0.0015
511 0.0015
512 0.0015
513 0.0015
514 0.0015
515 0.0015
516 0.0015
517 0.0015
518 0.0015
519 0.0015
520 0.0015
521 0.0015
522 0.0015
523 0.0015
524 0.0015
525 0.0015
526 0.0015
527 0.0015
528 0.0015
529 0.0015
530 0.0015
531 0.0015
532 0.0015
533 0.0015
534 0.0015
535 0.0015
536 0.0015
537 0.0015
538 0.0015
539 0.0015
540 0.0014
541 0.0014
542 0.0014
543 0.0014
544 0.0014
545 0.0014
546 0.0014
547 0.0014
548 0.0014
549 0.0014
550 0.0014
551 0.0014
552 0.0014
553 0.0014
554 0.0014
555 0.0014
556 0.0014
557 0.0014
558 0.0014
559 0.0014
560 0.0014
561 0.0014
562 0.0014
563 0.0014
564 0.0014
565 0.0014
566 0.0014
567 0.0014
568 0.0014
569 0.0014
570 0.0014
571 0.0014
572 0.0014
573 0.0014
574 0.0014
575 0.0014
576 0.0014
577 0.0014
578 0.0014
579 0.0014
580 0.0014
581 0.0013
582 0.0013
583 0.0013
584 0.0013
585 0.0013
586 0.0013
587 0.0013
588 0.0013
589 0.0013
590 0.0013
591 0.0013
592 0.0013
593 0.0013
594 0.0013
595 0.0013
596 0.0013
597 0.0013
598 0.0013
599 0.0013
600 0.0013
601 0.0013
602 0.0013
603 0.0013
604 0.0013
605 0.0013
606 0.0013
607 0.0013
608 0.0013
609 0.0013
610 0.0013
611 0.0013
612 0.0013
613 0.0013
614 0.0013
615 0.0013
616 0.0013
617 0.0013
618 0.0013
619 0.0013
620 0.0013
621 0.0013
622 0.0013
623 0.0013
624 0.0013
625 0.0013
626 0.0013
627 0.0012
628 0.0012
629 0.0012
630 0.0012
631 0.0012
632 0.0012
633 0.0012
634 0.0012
635 0.0012
636 0.0012
637 0.0012
638 0.0012
639 0.0012
640 0.0012
641 0.0012
642 0.0012
643 0.0012
644 0.0012
645 0.0012
646 0.0012
647 0.0012
648 0.0012
649 0.0012
650 0.0012
651 0.0012
652 0.0012
653 0.0012
654 0.0012
655 0.0012
656 0.0012
657 0.0012
658 0.0012
659 0.0012
660 0.0012
661 0.0012
662 0.0012
663 0.0012
664 0.0012
665 0.0012
666 0.0012
667 0.0012
668 0.0012
669 0.0012
670 0.0012
671 0.0012
672 0.0012
673 0.0012
674 0.0012
675 0.0012
676 0.0012
677 0.0012
678 0.0012
679 0.0012
680 0.0012
681 0.0011
682 0.0011
683 0.0011
684 0.0011
685 0.0011
686 0.0011
687 0.0011
688 0.0011
689 0.0011
690 0.0011
691 0.0011
692 0.0011
693 0.0011
694 0.0011
695 0.0011
696 0.0011
697 0.0011
698 0.0011
699 0.0011
700 0.0011
701 0.0011
702 0.0011
703 0.0011
704 0.0011
705 0.0011
706 0.0011
707 0.0011
708 0.0011
709 0.0011
710 0.0011
711 0.0011
712 0.0011
713 0.0011
714 0.0011
715 0.0011
716 0.0011
717 0.0011
718 0.0011
719 0.0011
720 0.0011
721 0.0011
722 0.0011
723 0.0011
724 0.0011
725 0.0011
726 0.0011
727 0.0011
728 0.0011
729 0.0011
730 0.0011
731 0.0011
732 0.0011
733 0.0011
734 0.0011
735 0.0011
736 0.0011
737 0.0011
738 0.0011
739 0.0011
740 0.0011
741 0.0011
742 0.0011
743 0.0011
744 0.0011
745 0.0011
746 0.0011
747 0.001
748 0.001
749 0.001
750 0.001
751 0.001
752 0.001
753 0.001
754 0.001
755 0.001
756 0.001
757 0.001
758 0.001
759 0.001
760 0.001
761 0.001
762 0.001
763 0.001
764 0.001
765 0.001
766 0.001
767 0.001
768 0.001
769 0.001
770 0.001
771 0.001
772 0.001
773 0.001
774 0.001
775 0.001
776 0.001
777 0.001
778 0.001
779 0.001
780 0.001
781 0.001
782 0.001
783 0.001
784 0.001
785 0.001
786 0.001
787 0.001
788 0.00099
789 0.00099
790 0.00099
791 0.00099
792 0.00099
793 0.00099
794 0.00099
795 0.00099
796 0.00098
797 0.00098
798 0.00098
799 0.00098
800 0.00098
801 0.00098
802 0.00098
803 0.00098
804 0.00097
805 0.00097
806 0.00097
807 0.00097
808 0.00097
809 0.00097
810 0.00097
811 0.00097
812 0.00097
813 0.00096
814 0.00096
815 0.00096
816 0.00096
817 0.00096
818 0.00096
819 0.00096
820 0.00096
821 0.00095
822 0.00095
823 0.00095
824 0.00095
825 0.00095
826 0.00095
827 0.00095
828 0.00095
829 0.00094
830 0.00094
831 0.00094
832 0.00094
833 0.00094
834 0.00094
835 0.00094
836 0.00094
837 0.00094
838 0.00094
839 0.00093
840 0.00093
841 0.00093
842 0.00093
843 0.00093
844 0.00093
845 0.00093
846 0.00093
847 0.00092
848 0.00092
849 0.00092
850 0.00092
851 0.00092
852 0.00092
853 0.00092
854 0.00092
855 0.00092
856 0.00092
857 0.00091
858 0.00091
859 0.00091
860 0.00091
861 0.00091
862 0.00091
863 0.00091
864 0.00091
865 0.00091
866 0.00091
867 0.0009
868 0.0009
869 0.0009
870 0.0009
871 0.0009
872 0.0009
873 0.0009
874 0.0009
875 0.0009
876 0.00089
877 0.00089
878 0.00089
879 0.00089
880 0.00089
881 0.00089
882 0.00089
883 0.00089
884 0.00089
885 0.00089
886 0.00088
887 0.00088
888 0.00088
889 0.00088
890 0.00088
891 0.00088
892 0.00088
893 0.00088
894 0.00088
895 0.00088
896 0.00087
897 0.00087
898 0.00087
899 0.00087
900 0.00087
901 0.00087
902 0.00087
903 0.00087
904 0.00087
905 0.00087
906 0.00087
907 0.00086
908 0.00086
909 0.00086
910 0.00086
911 0.00086
912 0.00086
913 0.00086
914 0.00086
915 0.00086
916 0.00086
917 0.00085
918 0.00085
919 0.00085
920 0.00085
921 0.00085
922 0.00085
923 0.00085
924 0.00085
925 0.00085
926 0.00085
927 0.00085
928 0.00084
929 0.00084
930 0.00084
931 0.00084
932 0.00084
933 0.00084
934 0.00084
935 0.00084
936 0.00084
937 0.00084
938 0.00084
939 0.00083
940 0.00083
941 0.00083
942 0.00083
943 0.00083
944 0.00083
945 0.00083
946 0.00083
947 0.00083
948 0.00083
949 0.00083
950 0.00083
951 0.00082
952 0.00082
953 0.00082
954 0.00082
955 0.00082
956 0.00082
957 0.00082
958 0.00082
959 0.00082
960 0.00082
961 0.00082
962 0.00081
963 0.00081
964 0.00081
965 0.00081
966 0.00081
967 0.00081
968 0.00081
969 0.00081
970 0.00081
971 0.00081
972 0.00081
973 0.00081
974 0.0008
975 0.0008
976 0.0008
977 0.0008
978 0.0008
979 0.0008
980 0.0008
981 0.0008
982 0.0008
983 0.0008
984 0.0008
985 0.0008
986 0.0008
987 0.00079
988 0.00079
989 0.00079
990 0.00079
991 0.00079
992 0.00079
993 0.00079
994 0.00079
995 0.00079
996 0.00079
997 0.00079
998 0.00079
999 0.00078
1000 0.00078
